a5 07 00 00 52
>>>>> UKNOWN DATA  [aa ]
a5 01 00 02 02 00 a4
a5 01 00 02 02 00 a4
a5 01 00 02 02 00 a4
a5 01 00 02 03 01 3e
a5 01 00 05 01 00 00 7a 44 d5
a5 20 00 05 00 14 96 b0 41 50
a5 20 00 05 01 00 00 00 00 48
a5 01 00 05 01 00 00 7a 44 d5
a5 20 00 05 00 2b 3a b1 41 0b
a5 20 00 05 01 00 00 00 00 48
a5 01 00 05 01 00 00 7a 44 d5
a5 20 00 05 00 04 f6 af 41 39
a5 20 00 05 01 00 00 00 00 48
a5 01 00 05 01 00 00 7a 44 d5
a5 20 00 05 00 ee 09 b0 41 4d
a5 20 00 05 01 00 00 00 00 48
a5 01 00 05 01 00 00 7a 44 d5
a5 20 00 05 00 8c 3c b0 41 31
a5 20 00 05 01 00 00 00 00 48
a5 01 00 05 01 00 00 7a 44 d5
a5 20 00 05 00 bd 42 b0 41 ed
a5 20 00 05 01 00 00 00 00 48
a5 01 00 05 01 00 00 7a 44 d5
a5 20 00 05 00 42 3d b0 41 b6
a5 20 00 05 01 00 00 00 00 48
a5 01 00 05 01 00 00 7a 44 d5
a5 20 00 05 00 44 3e b0 41 5b
a5 20 00 05 01 00 00 00 00 48
a5 01 00 05 01 00 00 7a 44 d5
a5 20 00 05 00 07 3a b0 41 ad
a5 20 00 05 01 00 00 00 00 48
a5 01 00 05 01 00 00 7a 44 d5
a5 20 00 05 00 cf 9d b0 41 04
a5 20 00 05 01 00 00 00 00 48
a5 01 00 05 01 00 00 7a 44 d5
a5 20 00 05 00 c3 52 b0 41 1a
a5 20 00 05 01 00 00 00 00 48
a5 01 00 02 03 00 60
a5 01 00 02 03 00 60
a5 01 00 02 03 00 60
a5 07 00 00 52
>>>>> UKNOWN DATA  [aa ]
a5 01 00 02 02 00 a4
a5 01 00 02 02 00 a4
a5 01 00 02 02 00 a4
a5 01 00 02 03 01 3e
a5 01 00 05 01 00 00 7a 44 d5
a5 20 00 05 00 bd 1e b1 41 e9
a5 20 00 05 01 00 00 00 00 48
a5 01 00 05 01 00 00 7a 44 d5
a5 20 00 05 00 06 b5 b1 41 db
a5 20 00 05 01 00 00 00 00 48
a5 01 00 05 01 00 00 7a 44 d5
a5 20 00 05 00 f6 72 b0 41 47
a5 20 00 05 01 00 00 00 00 48
a5 01 00 02 03 00 60
a5 01 00 02 03 00 60
a5 01 00 02 03 00 60
a5 01 00 02 02 00 a4
a5 01 00 02 02 00 a4
a5 01 00 02 02 00 a4
a5 01 00 02 03 01 3e
a5 01 00 05 01 00 00 7a 44 d5
a5 20 00 05 00 a6 1e b1 41 45
a5 20 00 05 01 00 00 00 00 48
a5 01 00 05 01 00 00 7a 44 d5
a5 20 00 05 00 56 5b b1 41 30
a5 20 00 05 01 00 00 00 00 48
a5 01 00 02 03 00 60
a5 01 00 02 03 00 60
a5 01 00 02 03 00 60
a5 07 00 00 52
>>>>> UKNOWN DATA  [aa ]
a5 01 00 02 02 00 a4
a5 01 00 02 02 00 a4
a5 01 00 02 02 00 a4
a5 01 00 02 03 01 3e
a5 01 00 05 01 00 00 7a 44 d5
a5 20 00 05 00 52 88 b0 41 07
a5 20 00 05 01 00 00 00 00 48
a5 01 00 02 03 00 60
a5 01 00 02 03 00 60
a5 01 00 02 03 00 60
a5 07 00 00 52
>>>>> UKNOWN DATA  [aa ]
a5 01 00 02 02 00 a4
a5 01 00 02 02 00 a4
a5 01 00 02 02 00 a4
a5 01 00 02 03 01 3e
a5 01 00 05 01 00 00 7a 44 d5
a5 20 00 05 00 73 a6 b0 41 98
a5 20 00 05 01 00 00 00 00 48
a5 01 00 05 01 00 00 7a 44 d5
a5 20 00 05 00 eb 12 b1 41 83
a5 20 00 05 01 00 00 00 00 48
a5 01 00 05 01 00 00 7a 44 d5
a5 20 00 05 00 3b 4a b1 41 dc
a5 20 00 05 01 00 00 00 00 48
a5 01 00 05 01 00 00 7a 44 d5
a5 20 00 05 00 04 28 b1 41 e4
a5 20 00 05 01 00 00 00 00 48
a5 01 00 05 01 00 00 7a 44 d5
a5 20 00 05 00 f8 ec b0 41 8e
a5 20 00 05 01 00 00 00 00 48
a5 01 00 05 01 00 00 7a 44 d5
a5 20 00 05 00 32 fa b0 41 37
a5 20 00 05 01 00 00 00 00 48
a5 01 00 05 01 00 00 7a 44 d5
a5 20 00 05 00 53 f5 b0 41 77
a5 20 00 05 01 00 00 00 00 48
a5 01 00 05 01 00 00 7a 44 d5
a5 20 00 05 00 71 fa b0 41 5f
a5 20 00 05 01 00 00 00 00 48
a5 01 00 05 01 00 00 7a 44 d5
a5 20 00 05 00 c4 72 b3 41 5d
a5 20 00 05 01 00 00 00 00 48
a5 01 00 05 01 00 00 7a 44 d5
a5 20 00 05 00 12 b1 af 41 43
a5 20 00 05 01 00 00 00 00 48
a5 01 00 05 01 00 00 7a 44 d5
a5 20 00 05 00 70 e3 b0 41 14
a5 20 00 05 01 00 00 00 00 48
a5 01 00 02 03 00 60
a5 01 00 02 03 00 60
a5 01 00 02 03 00 60
a5 07 00 00 52
>>>>> UKNOWN DATA  [aa ]
a5 01 00 02 02 00 a4
a5 01 00 02 02 00 a4
a5 01 00 02 02 00 a4
a5 01 00 02 03 01 3e
a5 01 00 05 01 00 00 7a 44 d5
a5 20 00 05 00 48 bc b1 41 a0
a5 20 00 05 01 00 00 00 00 48
a5 01 00 05 01 00 00 7a 44 d5
a5 20 00 05 00 08 91 b3 41 55
a5 20 00 05 01 00 00 00 00 48
a5 01 00 05 01 00 00 7a 44 d5
a5 20 00 05 00 35 72 b2 41 67
a5 20 00 05 01 00 00 00 00 48
a5 01 00 05 01 00 00 7a 44 d5
a5 20 00 05 00 1d 72 b2 41 0b
a5 20 00 05 01 00 00 00 00 48
a5 01 00 05 01 00 00 7a 44 d5
a5 20 00 05 00 f6 34 b2 41 36
a5 20 00 05 01 00 00 00 00 48
a5 01 00 05 01 00 00 7a 44 d5
a5 20 00 05 00 17 43 b2 41 65
a5 20 00 05 01 00 00 00 00 48
a5 01 00 02 03 00 60
a5 01 00 02 03 00 60
a5 01 00 02 03 00 60
a5 07 00 00 52
>>>>> UKNOWN DATA  [aa ]
a5 01 00 02 02 00 a4
a5 01 00 02 02 00 a4
a5 01 00 02 02 00 a4
a5 01 00 02 03 01 3e
a5 01 00 05 01 00 00 7a 44 d5
a5 20 00 05 00 37 19 b7 41 fb
a5 20 00 05 01 00 00 00 00 48
a5 01 00 05 01 00 00 7a 44 d5
a5 20 00 05 00 22 76 b6 41 7c
a5 20 00 05 01 00 00 00 00 48
a5 01 00 05 01 00 00 7a 44 d5
a5 20 00 05 00 a3 4b b6 41 e4
a5 20 00 05 01 00 00 00 00 48
a5 01 00 05 01 00 00 7a 44 d5
a5 20 00 05 00 70 74 b6 41 ec
a5 20 00 05 01 00 00 00 00 48
a5 01 00 05 01 00 00 7a 44 d5
a5 20 00 05 00 f1 a6 b6 41 ec
a5 20 00 05 01 00 00 00 00 48
a5 01 00 05 01 00 00 7a 44 d5
a5 20 00 05 00 e9 af b6 41 46
a5 20 00 05 01 00 00 00 00 48
a5 01 00 05 01 00 00 7a 44 d5
a5 20 00 05 00 50 bd b6 41 41
a5 20 00 05 01 00 00 00 00 48
a5 01 00 05 01 00 00 7a 44 d5
a5 20 00 05 00 8f c9 b6 41 ab
a5 20 00 05 01 00 00 00 00 48
a5 01 00 05 01 00 00 7a 44 d5
a5 20 00 05 00 bb b3 b6 41 68
a5 20 00 05 01 00 00 00 00 48
a5 01 00 05 01 00 00 7a 44 d5
a5 20 00 05 00 79 40 b7 41 fb
a5 20 00 05 01 00 00 00 00 48
a5 01 00 05 01 00 00 7a 44 d5
a5 20 00 05 00 dd 11 b7 41 8c
a5 20 00 05 01 00 00 00 00 48
a5 01 00 02 03 00 60
a5 01 00 02 03 00 60
a5 01 00 02 03 00 60
a5 07 00 00 52
>>>>> UKNOWN DATA  [aa ]
a5 01 00 02 02 00 a4
a5 01 00 02 02 00 a4
a5 01 00 02 02 00 a4
a5 01 00 02 03 01 3e
a5 01 00 05 01 00 00 7a 44 d5
a5 20 00 05 00 e1 4a b9 41 b0
a5 20 00 05 01 00 00 00 00 48
a5 01 00 05 01 00 00 7a 44 d5
a5 20 00 05 00 14 3a b8 41 6b
a5 20 00 05 01 00 00 00 00 48
a5 01 00 05 01 00 00 7a 44 d5
a5 20 00 05 00 d1 c5 b8 41 01
a5 20 00 05 01 00 00 00 00 48
a5 01 00 05 01 00 00 7a 44 d5
a5 20 00 05 00 6c fc b8 41 5d
a5 20 00 05 01 00 00 00 00 48
a5 01 00 05 01 00 00 7a 44 d5
a5 20 00 05 00 49 54 b9 41 bb
a5 20 00 05 01 00 00 00 00 48
a5 01 00 05 01 00 00 7a 44 d5
a5 20 00 05 00 ec 76 b9 41 48
a5 20 00 05 01 00 00 00 00 48
a5 01 00 05 01 00 00 7a 44 d5
a5 20 00 05 00 61 94 b9 41 84
a5 20 00 05 01 00 00 00 00 48
a5 01 00 05 01 00 00 7a 44 d5
a5 20 00 05 00 20 c4 b9 41 90
a5 20 00 05 01 00 00 00 00 48
a5 01 00 05 01 00 00 7a 44 d5
a5 20 00 05 00 b8 e2 b9 41 28
a5 20 00 05 01 00 00 00 00 48
a5 01 00 05 01 00 00 7a 44 d5
a5 20 00 05 00 b2 80 bb 41 48
a5 20 00 05 01 00 00 00 00 48
a5 01 00 05 01 00 00 7a 44 d5
a5 20 00 05 00 74 50 ba 41 a5
a5 20 00 05 01 00 00 00 00 48
a5 01 00 02 03 00 60
a5 01 00 02 03 00 60
a5 01 00 02 03 00 60
a5 07 00 00 52
>>>>> UKNOWN DATA  [aa ]
a5 01 00 02 02 00 a4
a5 01 00 02 02 00 a4
a5 01 00 02 02 00 a4
a5 01 00 02 03 01 3e
a5 01 00 05 01 00 00 7a 44 d5
a5 20 00 05 00 72 5c bd 41 79
a5 20 00 05 01 00 00 00 00 48
a5 01 00 05 01 00 00 7a 44 d5
a5 20 00 05 00 ea d5 bd 41 68
a5 20 00 05 01 00 00 00 00 48
a5 01 00 05 01 00 80 ed 44 1a
a5 20 00 05 00 db 3a bd 41 37
a5 20 00 05 01 00 00 00 00 48
a5 01 00 05 01 00 80 ed 44 1a
a5 20 00 05 00 ed c2 bd 41 de
a5 20 00 05 01 00 00 00 00 48
a5 01 00 05 01 00 80 ed 44 1a
a5 20 00 05 00 9b a5 bd 41 a0
a5 20 00 05 01 00 00 00 00 48
a5 01 00 05 01 00 00 7a 44 d5
a5 20 00 05 00 4c f5 bd 41 5c
a5 20 00 05 01 00 00 00 00 48
a5 01 00 05 01 00 00 2f 45 03
a5 20 00 05 00 6a 1f be 41 dd
a5 20 00 05 01 00 00 00 00 48
a5 01 00 05 01 00 00 2f 45 03
a5 20 00 05 00 84 58 be 41 ca
a5 20 00 05 01 00 00 00 00 48
a5 01 00 05 01 00 00 2f 45 03
a5 20 00 05 00 50 54 be 41 7e
a5 20 00 05 01 00 00 00 00 48
a5 01 00 05 01 00 00 2f 45 03
a5 20 00 05 00 4e e1 be 41 da
a5 20 00 05 01 00 00 00 00 48
a5 01 00 02 03 00 60
a5 01 00 02 03 00 60
a5 01 00 02 03 00 60
a5 07 00 00 52
>>>>> UKNOWN DATA  [aa ]
a5 01 00 02 02 00 a4
a5 01 00 02 02 00 a4
a5 01 00 02 02 00 a4
a5 01 00 02 03 01 3e
a5 01 00 05 01 00 00 2f 45 03
a5 20 00 05 00 0c 51 c1 41 2f
a5 20 00 05 01 00 00 00 00 48
a5 01 00 05 01 00 00 2f 45 03
a5 20 00 05 00 af dd c1 41 d7
a5 20 00 05 01 00 00 00 00 48
a5 01 00 05 01 00 00 2f 45 03
a5 20 00 05 00 92 a5 c1 41 c8
a5 20 00 05 01 00 00 00 00 48
a5 01 00 05 01 00 00 2f 45 03
a5 20 00 05 00 9c c2 c1 41 02
a5 20 00 05 01 00 00 00 00 48
a5 01 00 05 01 00 00 2f 45 03
a5 20 00 05 00 26 ef c1 41 0c
a5 20 00 05 01 00 00 00 00 48
a5 01 00 05 01 00 00 2f 45 03
a5 20 00 05 00 a8 04 c2 41 93
a5 20 00 05 01 00 00 00 00 48
a5 01 00 05 01 00 00 2f 45 03
a5 20 00 05 00 cb 2d c2 41 91
a5 20 00 05 01 00 00 00 00 48
a5 01 00 05 01 00 40 67 45 df
a5 20 00 05 00 bf c9 c1 41 3b
a5 20 00 05 01 00 00 00 00 48
a5 01 00 05 01 00 40 67 45 df
a5 20 00 05 00 7d 54 c3 41 ac
a5 20 00 05 01 00 00 00 00 48
a5 01 00 05 01 00 40 67 45 df
a5 20 00 05 00 30 62 c2 41 1a
a5 20 00 05 01 00 00 00 00 48
a5 01 00 02 03 00 60
a5 01 00 02 03 00 60
a5 01 00 02 03 00 60
a5 07 00 00 52
>>>>> UKNOWN DATA  [aa ]
a5 01 00 02 02 00 a4
a5 01 00 02 02 00 a4
a5 01 00 02 02 00 a4
a5 01 00 02 03 01 3e
a5 01 00 05 01 00 40 67 45 df
a5 20 00 05 00 2c 63 c4 41 31
a5 20 00 05 01 00 00 00 00 48
a5 01 00 05 01 00 40 67 45 df
a5 20 00 05 00 de 78 c4 41 cc
a5 20 00 05 01 00 00 00 00 48
a5 01 00 05 01 00 40 67 45 df
a5 20 00 05 00 99 ae c4 41 62
a5 20 00 05 01 00 00 00 00 48
a5 01 00 05 01 00 40 67 45 df
a5 20 00 05 00 f3 da c4 41 98
a5 20 00 05 01 00 00 00 00 48
a5 01 00 05 01 00 40 67 45 df
a5 20 00 05 00 21 03 c5 41 cd
a5 20 00 05 01 00 00 00 00 48
a5 01 00 05 01 00 40 67 45 df
a5 20 00 05 00 2c 1b c5 41 3f
a5 20 00 05 01 00 00 00 00 48
a5 01 00 05 01 00 40 67 45 df
a5 20 00 05 00 c5 40 c5 41 5f
a5 20 00 05 01 00 00 00 00 48
a5 01 00 05 01 00 40 67 45 df
a5 20 00 05 00 42 63 c5 41 70
a5 20 00 05 01 00 00 00 00 48
a5 01 00 05 01 00 40 67 45 df
a5 20 00 05 00 16 82 c5 41 ca
a5 20 00 05 01 00 00 00 00 48
a5 01 00 05 01 00 40 67 45 df
a5 20 00 05 00 09 4b c6 41 e0
a5 20 00 05 01 00 00 00 00 48
a5 01 00 05 01 00 40 67 45 df
a5 20 00 05 00 28 d3 c5 41 47
a5 20 00 05 01 00 00 00 00 48
a5 01 00 02 03 00 60
a5 01 00 02 03 00 60
a5 01 00 02 03 00 60
a5 07 00 00 52
>>>>> UKNOWN DATA  [aa ]
a5 01 00 02 02 00 a4
a5 01 00 02 02 00 a4
a5 01 00 02 02 00 a4
a5 01 00 02 03 01 3e
a5 01 00 05 01 00 00 7a 44 d5
a5 20 00 05 00 ae 4a c7 41 a0
a5 20 00 05 01 00 00 00 00 48
a5 01 00 05 01 00 00 7a 44 d5
a5 20 00 05 00 0f 46 c7 41 3d
a5 20 00 05 01 00 00 00 00 48
a5 01 00 05 01 00 00 7a 44 d5
a5 20 00 05 00 89 bd c7 41 a1
a5 20 00 05 01 00 00 00 00 48
a5 01 00 05 01 00 00 7a 44 d5
a5 20 00 05 00 48 97 c7 41 e9
a5 20 00 05 01 00 00 00 00 48
a5 01 00 05 01 00 00 7a 44 d5
a5 20 00 05 00 30 ef c7 41 97
a5 20 00 05 01 00 00 00 00 48
a5 01 00 05 01 00 00 7a 44 d5
a5 20 00 05 00 e8 02 c8 41 45
a5 20 00 05 01 00 00 00 00 48
a5 01 00 05 01 00 00 7a 44 d5
a5 20 00 05 00 30 23 c8 41 67
a5 20 00 05 01 00 00 00 00 48
a5 01 00 05 01 00 00 7a 44 d5
a5 20 00 05 00 3a 4f c8 41 62
a5 20 00 05 01 00 00 00 00 48
a5 01 00 05 01 00 00 7a 44 d5
a5 20 00 05 00 82 63 c8 41 c0
a5 20 00 05 01 00 00 00 00 48
a5 01 00 05 01 00 00 7a 44 d5
a5 20 00 05 00 fe 90 c8 41 13
a5 20 00 05 01 00 00 00 00 48
a5 01 00 02 03 00 60
a5 01 00 02 03 00 60
a5 01 00 02 03 00 60